pred_time
2000000900
2000001000
2000001101
2000001102
2000001201
2000001202
2000001501
2000001502
2000001503
2000001601
2000001602
2000001603
2000002100
2000002200
2000002300
2000002400
2000002501
2000002502
2000002503
2000002504
2000002601
2000002602
2000002902
2000002903
2000002904
2000002905
2000002906
2000003002
2000005900
2000006000
2000006100
2000006200
2000007700
2000007800
2000010100
2000010200
2000010300
2000010400
2000011500
2000011600
2000015700
2000015800
2000015900
2000016000
2000016100
2000016200
2000026300
2000026400
2000026901
2000026902
2000027100
2000027200
2000029100
2000029200
2000030700
2000030800
2000030900
2000031000
2000032900
2000033000
2000035300
2000035400
2000036300
2000036400
2000036500
2000036600
2000036700
2000036800
2000036900
2000037000
2000038300
2000038400
2000039300
2000039400
2000042900
2000043000
2000043300
2000043301
2000043302
2000043303
2000043304
2000043305
2000043306
2000043400
2000043500
2000043600
2000043700
2000043800
2000043900
2000044000
2000044900
2000045000
2000045100
2000045200
2000045700
2000045800
2000046100
2000046200
2000046300
2000046400
2000046500
2000046600
2000046700
2000046800
2000046900
2000047000
2000047100
2000047200
2000047300
2000047400
2000047500
2000047600
2000048100
2000048200
2000048300
2000048400
2000048500
2000048600
2000048900
2000049000
2000049100
2000049200
2000049500
2000049600
2010051300
2010051400
2010051500
2020000302
2020000304
2020000305
2020000402
2020000500
2020000501
2020000502
2020000600
2020000701
2020000702
2020000801
2020000802
2020001100
2020001200
2020001500
2020001600
2020002101
2020002102
2020002201
2020002202
2020008700
2020008800
2020009700
2020009800
2020009901
2020009902
2020009903
2020009904
2020009905
2020009906
2020009907
2020010000
2020012900
2020013000
2020013300
2020013400
2020013500
2020013600
2020014100
2020014200
2020014300
2020014301
2020014302
2020014400
2020014600
2020014700
2020014800
2020015300
2020015400
2020017302
2020017402
2020018900
2020019000
2020019100
2020019200
2020019300
2020019400
2020019500
2020019600
2020020100
2020020200
2020020900
2020021000
2020022900
2020023000
2020023900
2020024000
2020025100
2020025200
2020026300
2020026400
2020026500
2020026600
2020028100
2020028200
2020028700
2020028800
2020032300
2020032400
2020032500
2020032600
2020033500
2020033600
2020033700
2020033800
2020037500
2020037600
day
hour
min
dayofweek
weekend
bus_stop_경기일보
bus_stop_농천교회
bus_stop_동성아울렛
bus_stop_수원kt
bus_stop_수원여고
bus_stop_수일중학교
bus_stop_장안공원
bus_stop_장안문
